11111111111111111111111111111111111111111111111111111111111111111111111111111111111111111111111111111111100001111111111111111111
11111111111111111111111111111111111111111111111111111000000000111111111111111111111111111111111111111100000000001111111111111111
11111111111111111111111111111111111111111111100000000000000011110000111111111111111111111111111111111000000000000011111111111111
11111111111111111111111111111111111111111000000000000000111100001111100001111111111111111111111111000000000000000011111111111111
11111111111111111111111111111111111111000000000000000111100011111000011111111111111110000000000000000000000000000001111111111111
11111111111111111111111111111111111000000000000001111000011110000111111111111110000000000000000000000000000000000000111111111111
11111111111111111111111111111111000000000000001111000111100001111111111110000000000000000001111111110000000000000000000111111111
11111111111111111111111111111100000000000000111000111100011111111111100000000000000010011111111111111000000000000010000001111111
11111111111111111111111111110000000000000111000111100011111111111000000000000001111111100111111111111110000000001111100000011111
11111111111111111111111111100000000000111100111100011111111110000000000000111111111111111001111111111111111011111111111000001111
11111111111111111111111110000000000011100011100011111111110000000000001111111111111111111100111111111111111111111111111110000111
11111111111111111111111100000000011100011100011111111110000000000011111111111111111111111111001111111111111111111111111111000111
11111111111111111111111000000001110001110011111111110000000000111111111111111111111111111111100111111111111111111111111111100011
11111111111111111111110000000111001110001111111110000000000111111111111111111111111111111111110011111111111111111111111111100011
11111111111111111111100000011100111000111111110000000000111111111111111111111111111111111111111001111111111111111111111111110001
11111111111111111111000011100011100111111110000000000111111111111111111111111111111111111111111100111111111111111111111111110001
11111111111111111110000110001110011111111000000000111111111111111111111111111111111111111111111110011111111111111111111111110001
11111111111111111100011000110001111111100000000011111111111111111111111111111111111111111111111111011111111111111111111111110001
11111111111111111101100011000111111100000000001111111111111111111111111111111111111111111111111111101111111111111111111111110011
11111111111111111111001100011111110000000001111111111111111111111111111111111111111111111111111111100111111111111111111111110011
11111111111111111100111001111111000000000111111111111111111111111111111111111111111111111111111111110111111111111111111111110011
11111111111111110011100111111100000000011111111100001111111111111100011111111111111111111111111111110011111111111111111111110111
11111111111111110110011111110000000001111111111000000001111111100000000111111111111111111111111111110011111111111111111111100111
11111111111111111001111111000000000111111111100000000001111111000000000011111111111111111111111111111011111111111111111111101111
11111111111111110011111100000000001111111111000000000111100011110000000001111111111111111111111111111001111111111111111111011111
11111111111111101111111000000000111111111110000000001110000000111100000000111111111111111111111111111001111111111111111110011111
11111111111111111111100000000011111111111100000000111100000000001111000000011111111111111111111111111001111111111111111110111111
11111111111111111110000000000111111111111100000011110000000000000011100000001111111111111111111111111001111111111111111101111111
11111111111111111100000000011111111111111000000111000000000000000001111000001111111111111111111111111001111111111111111011111111
11111111111111110000000000111111111111110000001110000000000000000000011100000111111111111111111111111001111111111111110111111111
11111111111111100000000001111111111111110000111100000000000000000000001110000111111111111111111111111001111111111111111111111111
11111111111111000000000111111111111111111111111000000000000000000000001111111111111111111111111111111001111111111111111111111111
11111111111100000000001111111000000001111111111111110000000000000011111111111111100000001111111111111011111111111111111111111111
11111111111000000000011111111000000001100011000011111111000000111111100001110011100000000111111111110011111111111111111111111111
11111111110000000000111111110000000001100111000000000111111111110000000000111011100000000111111111110011111111111111111111111111
11111111100000000001111111110000000001101110000000000001111111100000000000011111100000000111111111110111111111111111111111111111
11111111000000000011111111111000000001111100000000001111111111111000000000011111100000000111111111100111111111111111111111111111
11111110000000000111111111111000000001111000000000111111111111111111000000001111100000001111111111001111111111111111111111111111
11111100000000001111111111111110000011111000000111111111111111111111110000001111100000011111111111011111111111111111111111111111
11111000000000011111111111111111111111111111111111111111111111111111111111111111111111111111111110011111111111111111111111111111
11110000000000011111111111111111111000000000000111111111111111111111111000000000000111111111111100111111111111111111111111111111
11110000000000111111111111111111111100000000000011111111111111111111100000000000011111111111111001111111111111111111111111111111
11100000000000111111111111111111111111100000000001111111111111111111000000000001111111111111110011111111111111111111111111111111
11100000000000111111111000000000011111111000000000011111111111111110000000000111111100000000000111111111111111111111111111111111
11000000000001111111111100000000000111111110000000001111111111111100000000111111110000000000011111111111111111111111111111111111
11000000000001111111111110000000000001111111100000000111111111110000000011111111000000000000111111111111111111111111111111111111
10000000000001111111111111100000000000011111111100000011111111100000001111111100000000000011111111111111111111111111111111111111
10000000000000111111111111111000000000000011111111000000111111000000111111100000000000000111111111111111111111111111111111111111
10000000000000111111111111111110000000000000001111110000011110000111111000000000000000011111111111111111111111111111111111111111
10000000000000111111111111111111100000000000000000000000001000000000000000000000000001111111111111111111111111111111111111111111
10000000000000011111111111111111111000000000000000000000000000000000000000000000001111111111111111111111111111111111111111111111
10000000000000001111111111111111111111000000000000000000000000000000000000000001111111111111111111111111111111111111111111111111
10000000000000000111111111111111111111111000000000000000000000000000000000001111111111111111111111111111111111111111111111111111
11000000000000000001111111111111111111111111110000000000000000000000000000111111111111111111111111111111111111111111111111111111
11000000000000000000011111111111111111111111111111111100000000010000000111111111111111111111111111111111111111111111111111111111
11100000000000000000000011111111111111111111111111111111111111000001111111111111111111111111111111111111111111111111111111111111
11110000000000000000000000001111111111111111111111111100000000001111111111111111111111111111111111111111111111111111111111111111
11111100000000000000000000000000000000000000000000000000000011111111111111111111111111111111111111111111111111111111111111111111
11111111000000000000000000000000000000000000000000000000111111111111111111111111111111111111111111111111111111111111111111111111
11111111110000000000000000000000000000000000000000011111111111111111111111111111111111111111111111111111111111111111111111111111
11111111111111000000000000000000000000000000011111111111111111111111111111111111111111111111111111111111111111111111111111111111
11111111111111111111000000000000000011111111111111111111111111111111111111111111111111111111111111111111111111111111111111111111
11111111111111111111111111111111111111111111111111111111111111111111111111111111111111111111111111111111111111111111111111111111
11111111111111111111111111111111111111111111111111111111111111111111111111111111111111111111111111111111111111111111111111111111

