00000000000000000000000000000000000000000000000000000000000000000000000000000000000000000000000000000000011110000000000000000000
00000000000000000000000000000000000000000000000000000111111111000000000000000000000000000000000000000011111111110000000000000000
00000000000000000000000000000000000000000000011111111111111100001111000000000000000000000000000000000111111111111100000000000000
00000000000000000000000000000000000000000111111111111111000011110000011110000000000000000000000000111111111111111100000000000000
00000000000000000000000000000000000000111111111111111000011100000111100000000000000001111111111111111111111111111110000000000000
00000000000000000000000000000000000111111111111110000111100001111000000000000001111111111111111111111111111111111111000000000000
00000000000000000000000000000000011111111111111000011100001111000000000000111111111111111111000000000111111111111111111100000000
00000000000000000000000000000111111111111110001110000111000000000000111111111111111011000000000000001111111111111011111100000000
00000000000000000000000000001111111111111000111000011100000000000111111111111110000000011000000000000001111111110000011111100000
00000000000000000000000000011111111111000011000011100000000001111111111111000000000000000110000000000000000100000000000111110000
00000000000000000000000001111111111100011100011100000000001111111111110000000000000000000011000000000000000000000000000001111000
00000000000000000000000011111111100011100011100000000001111111111100000000000000000000000000110000000000000000000000000000111000
00000000000000000000000111111110001110001100000000001111111111000000000000000000000000000000011000000000000000000000000000011100
00000000000000000000001111111000110001110000000001111111111000000000000000000000000000000000001100000000000000000000000000011100
00000000000000000000011111100011000111000000001111111111000000000000000000000000000000000000000110000000000000000000000000001110
00000000000000000000111100011100011000000001111111111000000000000000000000000000000000000000000011000000000000000000000000001110
00000000000000000001111001110001100000000111111111000000000000000000000000000000000000000000000001100000000000000000000000001110
00000000000000000011100111001110000000011111111100000000000000000000000000000000000000000000000000100000000000000000000000001110
00000000000000000010011100111000000011111111110000000000000000000000000000000000000000000000000000010000000000000000000000001100
00000000000000000000110011100000001111111110000000000000000000000000000000000000000000000000000000011000000000000000000000001100
00000000000000000011000110000000111111111000000000000000000000000000000000000000000000000000000000001000000000000000000000001100
00000000000000001100011000000011111111100000000011110000000000000011100000000000000000000000000000001100000000000000000000001000
00000000000000001001100000001111111110000000000111111110000000011111111000000000000000000000000000001100000000000000000000011000
00000000000000000110000000111111111000000000011111111110000000111111111100000000000000000000000000000100000000000000000000010000
00000000000000001100000011111111110000000000111111111000011100001111111110000000000000000000000000000110000000000000000000100000
00000000000000010000000111111111000000000001111111110001111111000011111111000000000000000000000000000110000000000000000001100000
00000000000000000000011111111100000000000011111111000011111111110000111111100000000000000000000000000110000000000000000001000000
00000000000000000001111111111000000000000011111100001111111111111100011111110000000000000000000000000110000000000000000010000000
00000000000000000011111111100000000000000111111000111111111111111110000111110000000000000000000000000110000000000000000100000000
00000000000000001111111111000000000000001111110001111111111111111111100011111000000000000000000000000110000000000000001000000000
00000000000000011111111110000000000000001111000011111111111111111111110001111000000000000000000000000110000000000000000000000000
00000000000000111111111000000000000000000000000111111111111111111111110000000000000000000000000000000110000000000000000000000000
00000000000011111111110000000111111110000000000000001111111111111100000000000000011111110000000000000100000000000000000000000000
00000000000111111111100000000111111110011100111100000000111111000000011110001100011111111000000000001100000000000000000000000000
00000000001111111111000000001111111110011000111111111000000000001111111111000100011111111000000000001100000000000000000000000000
00000000011111111110000000001111111110010001111111111110000000011111111111100000011111111000000000001000000000000000000000000000
00000000111111111100000000000111111110000011111111110000000000000111111111100000011111111000000000011000000000000000000000000000
00000001111111111000000000000111111110000111111111000000000000000000111111110000011111110000000000110000000000000000000000000000
00000011111111110000000000000001111100000111111000000000000000000000001111110000011111100000000000100000000000000000000000000000
00000111111111100000000000000000000000000000000000000000000000000000000000000000000000000000000001100000000000000000000000000000
00001111111111100000000000000000000111111111111000000000000000000000000111111111111000000000000011000000000000000000000000000000
00001111111111000000000000000000000011111111111100000000000000000000011111111111100000000000000110000000000000000000000000000000
00011111111111000000000000000000000000011111111110000000000000000000111111111110000000000000001100000000000000000000000000000000
00011111111111000000000111111111100000000111111111100000000000000001111111111000000011111111111000000000000000000000000000000000
00111111111110000000000011111111111000000001111111110000000000000011111111000000001111111111100000000000000000000000000000000000
00111111111110000000000001111111111110000000011111111000000000001111111100000000111111111111000000000000000000000000000000000000
01111111111110000000000000011111111111100000000011111100000000011111110000000011111111111100000000000000000000000000000000000000
01111111111111000000000000000111111111111100000000111111000000111111000000011111111111111000000000000000000000000000000000000000
01111111111111000000000000000001111111111111110000001111100001111000000111111111111111100000000000000000000000000000000000000000
01111111111111000000000000000000011111111111111111111111110111111111111111111111111110000000000000000000000000000000000000000000
01111111111111100000000000000000000111111111111111111111111111111111111111111111110000000000000000000000000000000000000000000000
01111111111111110000000000000000000000111111111111111111111111111111111111111110000000000000000000000000000000000000000000000000
01111111111111111000000000000000000000000111111111111111111111111111111111110000000000000000000000000000000000000000000000000000
00111111111111111110000000000000000000000000001111111111111111111111111111000000000000000000000000000000000000000000000000000000
00111111111111111111100000000000000000000000000000000011111111101111111000000000000000000000000000000000000000000000000000000000
00011111111111111111111100000000000000000000000000000000000000111110000000000000000000000000000000000000000000000000000000000000
00001111111111111111111111110000000000000000000000000011111111110000000000000000000000000000000000000000000000000000000000000000
00000011111111111111111111111111111111111111111111111111111100000000000000000000000000000000000000000000000000000000000000000000
00000000111111111111111111111111111111111111111111111111000000000000000000000000000000000000000000000000000000000000000000000000
00000000001111111111111111111111111111111111111111100000000000000000000000000000000000000000000000000000000000000000000000000000
00000000000000111111111111111111111111111111100000000000000000000000000000000000000000000000000000000000000000000000000000000000
00000000000000000000111111111111111100000000000000000000000000000000000000000000000000000000000000000000000000000000000000000000
00000000000000000000000000000000000000000000000000000000000000000000000000000000000000000000000000000000000000000000000000000000
00000000000000000000000000000000000000000000000000000000000000000000000000000000000000000000000000000000000000000000000000000000

